Red: 0.6525000000000001
Green: 0.6925
Blue: 0.7175
White: 0.7324999999999999
Black: 0.7475